0.2682545672521412
0.26000590361338977
-0.06905626089366607
0.09156779007911103
0.27141094906540714
0.19877398716316103
-0.13506733668065518
0.2354548835794596
-0.06602620412278354
0.28739886772254625
-0.5725598665225566
-0.5524115755058505
-0.3324977405964355
0.09408068948109133
-0.08724634681306168
0.030504304004619565
0.2678720447930237
0.3874820284865525
0.37899679138135084
0.7119546482900192
0.6736777316965683
0.7156323485049674
0.8890990104857
0.9767898797067212
0.9216206693877145
0.8062466660507073
1.0105503948586958
0.556116974483045
0.4310578023870773
0.3050531089091491
0.34175851710537103
0.6743509848823375
0.5008921437017579
0.5346001844324582
0.5624223055408302
0.3149550014271629
0.6368566275322993
0.4837623994269193
0.49956867226242124
0.5252814838249489
0.6813967269361996
0.9280765305913943
0.6631732096136542
0.4109589242803479
0.39414115778281417
0.1435376856582412
0.48705157321231135
0.7266083001793155
0.6843089944745557
0.5224438136793685
0.37887896621019007
0.3252748058447668
-0.0065908845766768365
0.36424622925819733
0.1933542679450755
0.3607215526737602
0.43569242341561637
0.14229330529283007
0.8143675931838157
0.5879394633902617
0.6904506134267612
0.11996270047652541
0.09990806908932359
0.1148526894019663
0.35726361855264693
-0.046962745922380006
0.1564062747768003
-0.33482289177832875
-0.6350783708331265
-0.3222577803056347
0.08957151073725289
-0.3880817518535131
-0.05256655542204777
-0.009929084535087618
0.5406657099622769
-0.13409938585917952
0.21016480600952542
0.6154398922558955
0.819108963904815
0.7367951496580862
0.6801164843140228
0.8948287447683436
0.9647209663440253
0.6319581630544917
0.8645210693089649
1.003510879746352
1.16482071129223
1.0397334176839421
1.0673470332127937
1.102206228039065
1.260184051802953
1.0627955984630748
0.8403866352065272
0.8230527172270095
0.24893247840781135
0.3845837274244735
0.5851986502074302
0.8159821866819912
0.8169239945939657
0.6986907916329053
0.737051794072527
0.6795528912522213
0.8197141056863366
0.6720125956165384
0.7989270768039674
1.0695018155304652
1.2256083051108964
1.0915228080494976
1.0825480797408393
0.9160303981587767
0.913335555907475
0.8443615679697329
0.918703094687839
-0.011736037095790963
-0.34989983592325197
-0.35161179902352013
-0.3726743605010811
-0.2211614995521412
-0.11004674878342505
0.014464250526900424
0.1893637182997916
-0.14903768780982812
-0.3066191792441543
0.17359460078894173
-0.03751324693895419
0.09675822930510697
0.34498487905079384
0.5950080086888827
0.7948770858525502
0.44196391448833144
0.946745023089866
1.2648141744709813
1.2031240214754046
1.1030006235376697
1.199210725699095
1.2386230920066672
0.8191798544858491
0.7715524240525422
1.0165831760058768
0.5986867627814219
0.8395450355260416
-0.9474022677395832
-1.4013229833627285
0.10783129525359259
0.6244582677930581
-1.2509291121412027
0.4237692034103773
0.10426777346478572
0.6163952725243831
-2.0475808006999046
-2.74915178376241
-1.5478187569331712
-0.9770620870294489
-1.8748233792545093
-1.7880084072206472
-2.487884855980749
-2.319699158271881
-2.2123236611109847
-2.0156556595366033
-2.2862403748782563
-4.179626167922558
-2.286195704169289
-0.6372544747060341
-0.1634202540675729
-0.2929935914093857
0.06746539385625805
0.5491184510238352
0.4583803044744184
0.6880166530441651
0.7483333014002036
0.9067055257465808
0.8391566224135334
0.3455248503034551
0.9799598335111259
0.9722461818805967
0.9309700313567655
1.0403163587133473
1.1714771391497292
0.6361166352982714
1.0358930459883453
0.6494249623567803
1.1221081662855732
1.0281777785978
0.07711850535218523
0.6032656166159045
0.6792512690781296
0.8248782320363561
0.12127108836833
0.4915487820674613
0.41127892670522787
0.5688314590115944
0.869303462801142
0.7206191626768186
0.3899833543547921
0.5770452251559333
0.14355650067567705
0.07880420790326115
0.17224835875282452
-1.073191757843408
-0.16645657429950492
-0.35955472442746156
-0.10231890620904124
0.2051231740083193
-0.2950664751650331
-0.6077225702074376
0.10797452962512344
-0.1679351409954162
-0.27035017090678043
-0.587937073711347
-1.1379149682161653
-2.6813923915612854
-1.4866735334021328
-0.4305349890879613
0.038287603638923196
-0.2632540387640001
0.2053073408414285
0.37009543957164687
0.22797063747907048
0.3470839740591188
0.2754556415713976
0.5842111783333621
0.747485873229119
-0.31251311971615214
-2.106273319409427
-0.8951791158050721
0.18987549026720907
0.017961140150195343
0.6698866442466969
0.5028399329541087
-0.008555009113168921
-0.21197413052688438
-0.9733532276956556
-2.014370012975106
-1.9784735962121478
-1.3618852803789665
-0.8165799831355736
-0.5931765163367956
-0.34787500605000754
-0.30073089018279536
-0.034176624218938856
0.23107876168808056
0.4016457859387386
-0.7087493166766987
-1.9007942503863091
-2.2125598236026605
-1.6113909504378134
-1.0041980584792365
-0.4751638312498983
-0.7774273855833781
-0.2882340360214359
0.16483669027692666
0.45886837414063536
-0.023259019053931074
0.23987741506489962
-0.9796376371131439
-0.28035228857237277
0.2434446095966158
0.34828825773089483
-0.5251193574901434
-0.054902263356318676
0.06302264138725344
0.24388001205191084
0.7665418407519895
0.2699265996125933
0.08755037730581794
0.8439976795784063
1.0293536647950325
0.5073177745510957
0.36753800500648653
-0.33343614806186933
0.3627205262823056
-0.4623351562658065
-0.05075077422623331
-0.21879067294275684
-0.3859793287400174
-0.6946411305098836
-0.06107787203323059
-0.7376081531700461
-0.8212448227216964
-1.0876685232785754
-0.5186227081053493
-0.9605065744102577
-0.8041694135372004
-0.9865845046535462
-0.6107754308020164
-1.1241913301502247
-0.40492939572884257
-0.09758261394287743
-0.0689980070646912
-1.4664348652582488
-0.3556134262169725
-0.7117002379656683
0.2270824521874542
0.4244924964574664
-0.12628231401621615
0.18693145042082748
0.09747610366871506
0.5658645889006166
0.6568566386078434
0.7428710758304289
0.39455293838357824
0.5973265910337231
0.056315490796515044
-0.6670305326521259
-1.4796339361055562
-2.3133302664240842
-1.3443190408208505
-2.434605453341194
-0.09568468601786201
-2.39698624263258
-1.5661020250402737
-0.3427991866791741
-0.5340401784627868
-0.21074656292408517
0.24300460000976704
0.09970526111004163
0.49520903962533697
0.532654219639755
0.45202811890585487
0.28262372910371575
0.24966271021965453
0.40478735656694714
0.6347451016605457
0.8482924695604062
1.2490566717631915
0.2386652835956597
-2.165464915854057
-0.523675240981399
-0.1863893788805669
-2.704150276657344
-0.4833908428098994
0.10714989516556384
0.27993935255947205
0.20067018653267665
-0.22674054830820595
-0.33302601970752904
0.08113431849715619
0.25598409918380877
0.27373732169846104
0.22727437259156297
0.01578799008448256
-0.2069268715707867
0.5116034017395841
0.6285012242541796
0.2994735006815706
0.6054002967184677
0.6946162936653015
0.4907825698186324
0.30075596671799737
0.21458191375696672
0.2796139058542178
0.05908958452041185
0.26134042360003856
0.6149887971618329
-0.5169305326879761
-0.5300594420444836
-0.1123063109723427
-0.6494366775663438
-0.32650450055664154
0.6736246231894876
0.8276358754618935
-0.46385599087973256
0.08794833379946337
0.47257643904124375
0.24054706457869685
0.7130480152592276
0.5192484587267661
0.3320818981905765
-0.09808854109186643
0.733536611556336
1.6912100177680676
0.24578770113285914
0.511137055551345
0.7304232155069188
0.8064236343879756
0.9477006439470499
0.6408897419057986
0.9279666502407118
0.7716739044090861
0.07125078822611058
-0.26796470990079607
0.17149231797732023
0.4804572651565861
0.5947916663986093
0.6429498289333186
0.07099926064226847
0.47986065784347604
0.9480721468053186
0.5006696362137157
0.6493436466433495
0.6207017754069577
0.3550494809066131
0.48974824359204355
0.3470656956900631
0.559235467731062
-0.300282471978446
0.2588977311769763
0.5987634010911613
0.6071481333474598
0.4950173598766023
-0.019651894023564653
-0.7753318910748447
-0.33861979261317016
0.13459653394124343
0.6064409259116266
-0.3110264861445024
0.02623068562926656
-0.062861416836163
-0.35102828183412693
-1.729425816215145
-1.6986946320885352
-0.5732726826238823
-0.2319116025256052
0.28937865121863177
0.06956896621897285
-0.6283392571249324
-0.5919206500398013
-0.13467288829114527
-0.17282396178107
-1.6789241330626417
-0.48774670012742843
0.07699058234212053
-0.05491009625523924
-1.2058039685071937
-1.3573169516418193
-1.2789887452863815
-1.1401653937781275
-0.671517865579948
-1.1278207792604733
-2.0060224246678797
-2.214098096445573
-2.264808955378472
-1.9862712193281513
-0.800779112744634
-0.48862719519772624
-0.17385481497700128
-0.4836038282452395
-0.4627734259108602
-1.0994163709736227
-0.672064078957356
-0.04003482347486048
-0.7826073355053524
-0.6856505164819504
-0.4328575852675073
-0.06358301163594968
0.2973487845212283
0.06769677629446996
-0.659042439041174
-0.3850280381249104
0.059253336087890296
0.3988112698573549
0.26231806504454785
0.34496769948253486
0.3768314476641316
0.42310252405386434
0.3668942913786411
0.25594982223276047
0.5499329268899413
0.552182507496978
0.27789286504231275
-1.0023749563227193
-1.7997418530657927
-1.3531972666038181
-1.3649750046339628
-1.732316138967065
-1.3545095521665036
-0.3619633272394507
-1.039893733751317
-0.7614759496097023
-0.7845753356795236
-0.6649014866053232
-2.3851291700530965
-1.389785709964091
-0.7429659301480404
-0.3757231718417483
-0.3802723375290362
-1.4552801397643669
-1.703455675202515
-1.2637397821410505
-1.9672340126459522
-2.2637365503526388
-1.4739526801742957
-2.606636484187483
-3.2701147475151826
-1.4204469739996717
-0.001146699395318418
0.05814461002028426
-0.2030972536101188
-0.3792780071015221
0.105631928053246
-0.23057270607496988
-0.1507912671277239
0.3473269965260129
0.48140399266033956
0.490441751207173
0.6206563242420653
0.44538355593545803
0.6537502476036943
0.4657442566617553
0.37650428041843825
0.36575766654757963
-0.09134197986191944
-1.4974434764024
-1.1474780626993968
-0.7507749314163044
-0.335881521170641
-0.25245066177697056
-1.3864598748349495
-1.04137602817901
0.19305800426274505
-0.4256736427492456
0.3378058199376935
0.5960259246229038
-0.4179594917560801
0.5268001473882806
0.5369154445732149
0.8726986655849951
1.0572941900543076
0.830403671321511
0.8238516330772774
0.6298008153301364
0.7133607257858652
0.39575238392459716
-0.17325373419113088
-1.6871924538036165
-1.0625423958807316
0.06323580810185575
0.5509460902804668
-1.2680659694538543
-0.933383899053267
-0.5018409917936691
-0.0047235713025621795
0.24362345554378645
0.2924921326667766
-1.5368309878068984
-2.5094583876091496
-0.5006082947275642
-1.7088992310266113
-1.092197196806268
-1.90583866782466
-3.2239803910895324
-1.178449811315437
-0.7019560645491558
-1.2248355459327966
-0.26352202894153837
0.33496849211646157
0.304102585336435
-0.09431414091964477
0.3585916651781195
0.2904763075526669
-1.2296716448740521
-0.38436407782236354
-0.17797086354205394
-0.2337090795210658
-0.632704487352759
-2.0754015664254206
-3.358436241985855
-2.2932444477846863
-1.8433919019344838
-1.0790762313028366
-0.5355002070656582
-0.5852519207211617
-2.1690292545010075
-1.5115244365438085
-0.4521145293894021
-0.19352038003099142
0.050278151696862894
0.39130724535233913
-0.23667007698884293
-1.0409188922215629
-1.2338844218115208
0.047197920399137505
0.47107884204995126
0.18582905945923106
0.33252148173670854
0.0755222368079344
0.3375707317961742
-0.027245919113526307
-0.005268462835541832
-0.23465095030911134
-0.4139311711628888
-1.6480899591643923
-2.412057828033845
-4.079466271342261
-2.756208882218531
-1.4013799369665934
-1.2608334641079637
-2.1962255097717467
-2.6549481834885804
-1.3514204024038678
-2.0582778646891295
-3.1476866395526772
-2.11003203343627
-2.439203072522264
-2.0880464356021182
-0.3242292181505966
-0.9490057544086006
-0.7527385539628622
-0.4943186764101569
-1.086035270961135
0.03340478380126749
-0.18696464165892424
0.19305682879140856
0.6323704590406152
0.5734199713328485
-0.004274535645831412
-0.5207554615571756
-1.343696718958399
-0.7141734323777383
-0.24735522361813408
-0.03826559279929109
-0.20009986823254033
-0.595740715700833
-1.3286250731805251
-2.758553428437796
-1.4343971689154789
-1.5049703515599686
-1.4090522063854625
-1.014550508608223
-1.3676226594536958
-2.479139809118895
-3.50877037785286
-1.535566238790943
-1.0956866492109842
-0.7929182650853568
-1.8771217526404766
-1.3336703485335615
-2.1175377227125862
-2.0610802904656125
-2.2611165298294313
-1.1866856521893299
-1.2998522968403758
-1.8464555141334336
-1.7526559678950222
-2.271468647881006
-0.9109134206523546
-0.2870310701969198
0.1370700854281669
0.09727101571280194
0.10092619564892935
0.04433290191354666
0.19828741817799878
-0.11282408052644358
0.07657243626600208
-0.7255754923483921
-2.595071306953885
-2.051383658322586
-1.0235768307317723
-1.4314071734696339
-0.9072576378964574
-0.9751856265953132
-0.31332856964734834
-1.1369065350826004
-0.8797890364058953
-1.2418147345677262
-1.9298061121639491
-2.823303661869892
-2.7468514941131237
-2.213168866227098
-1.0396685674371595
-0.6903513473345183
-0.19595512266959217
-0.23639845283299338
-0.18483744884017134
-0.005856952362364554
-0.594250284296651
-0.20257959123717528
-0.1945540702300404
0.26124029827755485
-0.08289718719489575
0.4238889336478289
-0.2624079575350251
0.24531768343245947
0.27673579097096296
-0.24687081029883162
0.06095360909280656
0.15764358816427348
0.2681246561626927
-0.5911020042776722
-0.31234163064952986
0.06798952723760698
0.21220844197130545
0.3457859798665199
0.3776297037461435
0.006253433029663857
-0.40539157818206983
-0.6844704606341814
-0.6058141928973653
-0.41907072711285653
-0.36682121947357926
0.21588583412088308
0.3287865671840569
-0.31213948702451655
-0.32494568319356415
-1.9406696423074294
-0.29740331257940045
-0.5195544781929617
0.16603338985529292
0.07006955879992688
-0.02962108230603816
-0.6552639552885893
-0.7253502017558093
-0.9531280185612014
-0.38838813189738425
-0.5384649243621622
-0.3276069617720619
0.0035845383326868485
0.23924609317539242
0.2759736969426673
0.10494720988802042
0.20727483925532392
0.06903891421254871
0.10982674344213922
-0.09955708203282254
0.1180791316344198
0.1227856972020197
0.2358261314823818
-0.037807419365998074
-0.46448655716374165
0.01631595862069668
0.2533184458537328
-0.040333970953501386
-0.05363470104279891
-0.23436072334848035
0.16362464613088212
-0.38760737737272777
-0.12156682824698994
0.10713458594925568
-0.03837338717799743
-0.9238389427782885
-0.6085817157583214
-0.44927488646119296
-0.17662536393502865
-0.19873921315697773
-0.0361281645408747
-0.24308078587661697
-0.24587357644270563
-0.2836071580754011
-0.7210524734098007
-0.8408245077251946
-0.5181755371355955
-1.289210258793546
-0.29959516713792744
0.34863180017456524
0.3668231163589491
-0.298355869206708
-0.7278909642820076
-1.545613721462358
-0.5826140029687326
-0.293994526073769
-0.21899691508445412
-0.32613762413550457
-0.011326140418156105
-0.5041286456970454
-1.8388187247364416
-1.8836263880359168
-0.6854898875342279
-0.0561013768661654
-0.16406876868182607
0.2737188651367915
0.00720372450895157
-0.34743834209597196
-0.38302975786736104
-0.22197624021078854
-0.0314996756923982
-0.08266887899924735
-0.6718873371920595
-1.270541658236685
-0.4329139435704237
-0.5418326027257216
-0.1984400453108977
-0.22429666075886312
-0.5669850375520482
-0.31630090735671607
-0.3125634701116836
-2.1713680491918153
-2.454315379093092
-1.7891298931808657
-0.27785598809650475
-0.1786022152629447
-0.5646772807247542
0.0711416749307488
0.18435949844045824
0.25109014048456174
-0.03661183010140806
-0.5261649003421588
-0.7599652432970805
-0.4497030747126576
-0.9061588621884116
-2.3737315410277313
-1.848713914686022
-1.4273939779761577
-1.4940225688386382
-1.744334228783734
-2.941720203338843
-2.0891272836588026
-2.388679772658873
-2.9729054528841465
-1.39917463792861
-0.7690174769495288
0.07425026131397128
-0.021263474731911258
0.15188502281526506
0.08929107765449457
0.012464167837103468
-0.9297059647444332
-0.8516123536922631
-0.3073449327586904
-0.30036710596083643
-0.8056115410103977
-2.0034007538645744
-1.4546920550257412
-0.2688047459686227
-0.10509120732401664
0.39538742818763944
0.3079031592368728
0.07454694982352877
0.3410044230102531
0.5139591061109086
0.6375397729300636
0.5883676474479
0.25289315591700784
0.44525356756954865
0.5442621968833397
0.6562685868812137
-0.02171235442516095
0.25570098626429966
0.2710581062092267
0.35261884225640655
0.27617405596538397
0.19234113638784484
-0.018905756890846337
0.3706595638257026
0.3594362006888158
0.11792708785276806
0.5187898169971414
-0.11080695646786892
0.11526409833563755
0.0355898642522115
-0.15911268415785873
0.20606413861855116
0.503752798016764
0.5226388891459792
0.021111980323026414
-0.43452577027402894
-0.35202520593301523
-0.8794121992703858
-2.112621866476495
-3.1984592793824316
-1.4332284893400224
-1.3520470907587758
-2.838378220925909
-3.6294096605713735
-1.1526939096290614
-0.1521438523201509
-0.4267881078796479
-0.19973745491159067
0.13275291976624393
0.03560845998798495
0.0910294493020774
-0.94876449063022
-0.8849924203768318
-0.4172553760147392
-0.22658753325564757
-0.37398267121068407
-0.26359316252093057
-0.8876708684961556
-0.2202382169840898
-0.11454842292531156
-0.8599539651036081
-2.079728781935186
-1.1097694718126356
0.08028337367198218
-0.10524013394606146
-0.02125640214180735
0.17235642183908273
0.48443632039762247
-0.21970035358077558
-1.2886314258186335
-0.8076620321206123
-0.25379319382877363
-1.2278030293078515
-0.4088456499946171
-0.009270910189471793
-0.25481510475851565
0.12600644587052523
-0.029173178482084783
-0.0041186614690799095
0.17835070705775252
0.1293964355981726
0.07656101841374291
-0.18184263238944925
0.18159881221837587
-0.2598455276664847
-0.07268697097964655
-0.24200569276718864
-0.08597178960657303
-0.021122316256992513
-1.3674748232423624
-2.481965773046605
-2.8308584556139427
-1.1749345716838693
-1.7373964264888522
-0.4793043462613348
-0.552163136033796
-0.04028117660355501
-0.19170546976582997
-0.04388969753063432
-0.3660251187719301
-0.1352224018962978
-0.2106734631606553
-0.08440796135868345
-0.997306241447256
-0.5788127245144649
-0.6269569038777529
-1.2483143489810646
-2.7011598505696752
-1.2969433429486092
-0.5154337289797657
-0.9743575626402619
-0.7660744154057302
-2.142746950010739
-2.5324850688427993
-1.793571664214782
-0.5907860755695404
-0.6870645645318992
-0.3292755651627617
-0.7999135167326425
-0.8040269754490319
-0.5182793302916642
-0.31368624093807185
0.008872844360864829
0.010885010509689763
-1.280677641499597
-0.6083632412412449
-0.03105486058975676
-0.05404421655803557
0.09914684674018903
-0.39256444835464466
-0.80184866912222
-1.063355227143572
-1.2220662210925464
-1.0754466619639733
-0.8037589330003228
-0.5313494895170546
-0.7811782318031518
-0.3846569580016667
-0.35898476325330925
0.17631320982797893
0.529701198254634
0.37513131425024054
0.5238279847270952
0.39734358590545965
0.5767833656094077
0.37637230281840633
-0.17822665971280566
-0.28401897122787145
-0.24226890254033948
-0.8703122422317446
-0.18231780585740087
-0.3135997417025432
-0.15905135042384683
0.25509158804278315
0.1985400688640287
-1.1410997799211458
-2.0046596249883932
-0.2998304346700942
-1.3051499798590092
-1.4987449658704215
-0.7329338491841528
-1.2586057812702143
-1.0426115960131488
-0.38379301755593986
-0.35119783628546425
-0.5722627211205797
-1.0425148234937234
-1.4619638186894544
-1.0059693608628157
-2.0750261940481773
-3.0319403252260293
-1.9697489332217506
-0.3838039626209999
0.012435980590136453
-0.1872008646374526
-0.014289922098526753
0.1310559882420957
0.3414769138357416
0.2282210648834247
-0.1811892818232561
-1.4398845722125915
-0.35319354728627117
-0.014868727941528104
-0.05768286916736573
-0.1967397007217079
-0.9687468416157576
-0.48619109705162394
-0.5012621423518633
-0.01721428416064602
0.18803428109928882
-0.0562185663395221
0.2853785140363287
0.12703199690784317
0.09852131007733855
-0.33501591454198226
-1.0001735245544063
-0.7664213598344738
-0.9554386018454772
-0.13518419214763608
-0.09607851176047741
0.314451292720382
-0.115071238237791
0.3229764637120736
0.5702731782111032
0.694120955248738
0.5668326266216615
0.5438132029737985
0.9043517843796629
-0.5387058161369348
0.4475363356914552
0.3294950123334422
0.44828698805035
0.13880565381588816
-0.10172100737094339
0.3030863241771687
0.0029327879371561227
-0.21115783536941246
-0.4640328891532801
-0.10618548337147782
-2.392642129701566
-1.6493589461282252
-0.36556818566688637
-0.3810436501068165
-0.04965939211110407
0.18041206275868032
0.43514626597910394
-0.7122128860008977
-2.7306458112844285
-1.2653585576403277
-1.7368661193831596
-1.9460388323719156
-0.7939124334505434
0.004015165346006655
0.30838100066313573
0.260094950485711
0.08001493922055775
-0.6247633462789516
-0.2565239841954273
0.0419802090014329
-0.03678350142852127
0.12619729203332491
0.30973114787282424
0.5189779281300715
0.26668438157164204
-0.34698846732923544
0.13211562958176043
-0.9120816346359251
-0.16704889184917368
0.09481717283262064
-0.16970819062866532
-0.8675239312080687
0.07710789895818487
0.21024145744183015
0.02681962955559014
-0.7134362133531683
-1.2210204444698385
0.1191009703213286
0.673756926463666
-0.23555741764227414
-0.6320909017447331
0.09035147053477044
0.38064325273587624
0.5136166033926493
0.3775096709827514
-0.5073699137621737
-0.20622356578815249
-0.09671096311803756
-0.07428824051343347
-1.6769002387927339
-0.36113489519264697
-0.39903604804617404
0.09732072865152064
-0.09204406223831965
-0.5066858688440794
-1.4852099065787419
-0.27267698476347974
0.4178575304717255
0.4853893762666723
0.40416636440615256
0.57419223437936
1.0280512633530285
-0.07139937796138854
0.24579156418321485
-0.41703456575216263
0.20044626652499292
-0.2644902776400841
0.7602964006976207
0.5047534969846437
-0.54471245073669
-0.01673471881780375
0.0797647175142302
-0.06785700255293059
0.16735784349292604
-0.33936748650457926
0.6155121042290461
0.8644966437411248
-0.054003778410797065
-0.6841085212389921
-0.9723174555321201
-1.2796655912197243
-0.8397334216270873
-0.85655954167363
-0.3570236204810282
-0.17583740914906532
0.015610651805296805
-0.07450070723222046
0.017271975094261593
-0.6162065745675191
0.12808086970751636
-0.0671357907640465
-0.37191095202092844
0.15261538544240943
-0.22450578687121453
0.3824407958405996
-0.04295581241583629
0.3271583274258794
-0.4270996140105539
-0.7644163876504471
-0.19678687782356621
-0.13690382269258417
-0.1325825580300414
-0.4581250207412877
-0.8428137030471925
-0.45170498862065045
0.07692701682634678
0.22194347369775497
0.5596068223934421
0.4001664009307457
0.10773601032687141
0.330266084129983
0.48517639670041063
0.77294527261927
0.6990799957141249
0.6116639131798747
-0.7589732229855473
-0.010185504034399606
-0.6125391272266303
-0.2932718026812756
0.1255833044147106
0.23845386175351352
-0.269337691245505
-1.051567168167864
-1.784403426075267
-0.9783806454541255
-0.21870087792954335
-0.3043094907390546
-0.14955989089130833
-0.005286589475402226
-0.4932764574732352
-0.5150608268459351
-0.3456094720141277
-0.08970785211991797
-0.020781491451218104
0.2509922057772434
0.11364352255732785
0.731712645499158
0.8952862614306341
0.788717060652028
0.8632647548647172
-0.15635933679761382
-0.44022789410871066
-0.3556357715260408
0.06326999884712259
-0.3828914248251118
0.08347693405282192
0.5158382182009547
0.7731669177187066
0.9082094210835636
0.9230808377771631
0.9736607253122098
0.47529882742379764
0.8725912712551127
0.9103702543887298
0.7098918710673732
0.5966559798449056
0.5815884265842246
0.3201699845684329
0.3540758518949902
0.49370476377835465
-0.21388834182348215
-0.20375084911989366
0.042024737142706436
-0.43353197882346434
-0.5425175585095312
-0.580816867782125
-0.2631680198792194
-0.9014456493224106
-0.39954604421595735
-0.12835937966144795
0.13390375303523866
0.06102074952574532
-0.2766410490181331
-0.17397026534061688
-0.04991229787347862
-0.3691800737020968
-1.1811631174235213
-1.4644434417280507
-1.0704955028797647
-0.8100452016908768
-0.5786122291414254
-0.3858825008529223
-0.48884774762912664
-0.760558360170846
-0.8580172620465338
-0.5023875498049221
-0.2688193524158882
-0.1442146971210222
0.09979515056963112
-0.22390142051683026
-0.12249626158181084
-0.08181652786937657
-0.5273210893932078
-0.3762053163774557
-0.5159015328069793
0.32597061693047386
0.44232980201936684
0.43632955770209186
0.40624929484854494
0.3419757595541118
0.09827969739169196
0.41664237039774715
0.344064914801635
0.4752737232939754
0.5802555244315326
0.3534856200907674
0.30715941245394834
0.4165273450133892
0.31681305635691687
-0.3174129743901861
-0.3238445242213663
-0.17366804844266745
-0.3911258555811796
-0.21128427203702055
-0.2421019320860557
-1.2701571966189853
-1.8517128303840085
-2.059430600896594
-2.523855285671216
-2.4395230729047452
-3.007858715469324
-1.9780528466610259
-0.7704722937848186
-0.024732021141778138
0.042096741009751804
0.23852551021166185
0.13418880016319434
0.28160678141082457
0.40742112087533416
0.5228065685370524
0.4786711853096806
0.19733120487227818
0.24212208287580878
-0.00916901869716552
0.2627914003112208
-0.1818126076230862
-0.2309720781468111
0.14476618598416263
0.1264843801859742
-0.002934060588231535
-0.5779411642145308
-0.4168358821110523
-0.20987680090911276
0.28788217750383743
0.2699584480728105
0.3347530770333121
0.41996090398150626
0.3185857789997519
0.23733966561937586
0.4564031481429283
0.34424578543870593
0.09396565030393683
-5.314821333137844
-5.605859074668006
-4.264661361247913
-4.997382658275456
-4.73179480241271
-4.7344481648708445
-4.01771101748779
-4.882894710798763
-4.409587706165046
-3.940633440076267
-4.070023982460209
-4.227617076416822
-3.8207283190539614
-4.192619703419401
-4.501102972886645
-5.490417529868827
-6.015801840347071
-6.082759644526593
-6.35376839529379
-6.2880811486022035
-6.534351921231823
-4.941348400489333
-5.209777725715134
-4.434395493507667
-3.980637633114273
-4.601136754187538
-3.9267071203439112
-4.654084565097391
-4.678998315072403
-3.9154053048643136
-4.505584921527134
-5.07658433430904
-5.212344926385081
-4.945765197766897
-4.7391965548917305
-4.88438565532126
-4.242312266737557
-3.9925563620315403
-4.50582775738077
-4.016639770988758
-3.488355277829288
-4.036553093812672
-4.53804505887697
-4.519064952237316
-4.747621828154956
-4.525895538318333
-4.215394195983991
-4.032151117374497
-3.813945197207221
-3.616813027796908
-3.6845692090238904
-4.172124407563865
-4.2264708357876595
-3.993228521612864
-3.3579233331651777
-3.6704132146586614
-3.9995427880503702
-4.248513743011159
-3.548476319917208
-4.010369057802871
-4.19725294694912
-4.270710134613768
-4.547382407829564
-4.393924831788769
-4.041662892091175
-3.775066325016849
-3.87928721705651
-4.355791789204878
-3.935564343861927
-3.5308511928578783
-3.486479968503448
-3.394120015481412
-3.7365323601217266
-3.8699811107099356
-4.008379423468096
-3.794634810239761
-3.4682544237027737
-3.6851597949554136
-3.6978052997901947
-4.166744150270761
-4.334755348678151
-3.77870711820272
-3.5504889551708496
-3.523388917264474
-3.9192463224490264
-3.909845852104852
-3.9132762642825347
-4.12087902916786
-3.5353460875877696
-4.196010564548282
-3.7916753439649127
-4.235613980990278
-4.293272739689744
-3.3824725698580758
-3.7772131178249935
-3.588317868792829
-3.705621534092718
-3.4344082851683866
-3.2873288970691115
-3.5887488277861155
-3.445837943705764
-4.34581414411
-4.28274352910793
-4.777441874886013
-5.514098648743601
-5.842790285223435
-5.301984302381391
-5.084043713785383
-4.691215794449924
-4.711564331066661
-4.33688774685379
-3.822068478669508
-3.701771941363112
-4.163877041569944
-6.418437872690018
-6.3773007136161075
-7.927958946903137
-8.182023378897085
-8.548634606837547
-6.95373372996303
-7.249245152980088
-6.858951692534168
-6.673533489804771
-5.675405980269387
-6.233038805775208
-7.081067161832469
-7.209308843086698
-6.212470803569094
-6.940399815417952
-6.911059794216933
-6.168516220088026
-6.677702369479978
-6.107744172449152
-5.8533081958145114
-5.636146378044173
-5.713584678820681
-5.267989589236428
-6.240476116456722
-5.25439539780234
-4.932623263545002
-5.158500604390231
-6.326780057044636
-6.059078741137493
-6.4469776733534845
-5.844823637441434
-6.149924442691058
-7.006769892985131
-5.680156071833207
-5.741430051514691
-5.707671736405789
-5.409904955674231
-5.736170352814264
-5.839724668380665
-5.3605733956842325
-5.27083757575612
-5.272223308534424
-5.091517054964252
-4.691188333906921
-5.342913651217701
-5.294859640460226
-5.46599447558822
-4.997654472099094
-5.138451376119246
-4.916565185426708
-5.88874936736975
-5.839373898546583
-6.115305310546798
-5.2430087818136375
-5.442742272697498
-6.176803602478065
-5.345055146028547
-5.517856642079284
-4.836016455077313
-5.511276810846195
-5.572878189821064
-5.744425490145152
-5.455628787444196
-6.051274796698789
-5.856284662605697
-5.939454246252014
-6.001071659022854
-6.026062368844304
-5.725786283369855
-5.47054322088133
-5.190286183226684
-4.734584021014058
-4.712977993294112
-4.450716460636541
-3.973699396922001
-4.431436621740746
-4.545959532173472
-4.348714406020762
-4.808267000804671
-4.384410202156721
-4.177935410319882
-4.149472788074874
-3.823931782884446
-4.0604510838354955
-4.3134177617425165
-3.9116647616181455
-3.8275146123291957
-3.7354742918954753
-3.8717332375303215
-3.8137865443412937
-3.951695906187643
-3.845661953072895
-3.841555008874767
-3.687238068565157
-3.669909502717902
-3.611120140523565
-3.5287124610399108
-3.383432264131006
-3.34941680604119
-3.7407180627300973
-3.2966867639372874
-3.7248073819348475
-3.361819705895346
-3.090933931300054
-3.8381439178124244
-3.302631191309252
-3.631216417067411
-3.3842569766796706
-3.740639786260835
-3.4620959516700176
-3.6316085426335505
-3.503554356803424
-3.594801616678522
-3.235222568973001
-3.373544590820643
-3.2102471929241703
-3.293933264262781
-3.080312524484854
-2.976533978439329
-3.203730447871067
-3.5535401119601437
-3.182392244019517
-3.3524428405810216
-3.451385413369419
-3.3629081876504965
-2.9000376012237865
-3.2214289696679477
-3.4051210553259303
-3.4816356158353456
-3.5842113069009702
-3.3578059703947516
-3.5762258166482437
-3.218056564142197
-3.003798162407842
-3.3755022114887168
-2.948799365992034
-2.9860737089100713
-3.226961052831156
-3.1368079458755855
-3.5002748538053745
-3.294550848121767
-3.306752870385296
-3.415957171490825
-3.193826281481277
-3.2821398012919345
-3.2901020321247803
-3.050340812751708
-2.734944641722116
-3.4146312360407465
-3.0312395220496136
-3.1582773583418375
-3.1821260511575304
-3.5121153755556294
-3.217958298520174
-3.165639222588915
-3.4391782625316267
-3.426369952971371
-8.495927613017978
-8.662758031340271
-8.316197633930171
-7.868328432131699
-8.280945776343765
-7.906403761459734
-8.30555060859567
-8.061369673454626
-7.854698727931642
-8.205443489662992
-8.047996758060874
-7.8555069822674835
-7.670478541321336
-6.619805653916052
-4.182561193868475
-2.564509368112604
-2.009080934347703
-1.619487665536781
-1.2190313044015648
-0.9605833747863692
-0.5788721656863498
-1.0112040048129216
-1.2306374314591149
-0.7980729502071384
-1.7576997962380967
-2.15983583115724
-2.914234776732929
-4.340043711131055
-3.451122112301727
-2.1026891994551145
-1.032520644193519
-0.8511193947475848
-0.5218533267269363
-0.3283143204201574
-0.2706922630417549
-0.23974686537606188
-0.149723483652125
-0.15425960218141807
-0.03827156656215558
-0.11808496526631007
-0.46388923025783935
-1.17249689951211
-1.359411418416301
-2.017633355904972
-2.08165438254547
-1.6670072299223169
-1.3039936919077604
-1.2038031788484393
-1.7006333493043293
-1.500346246323041
-0.9976966267463698
-0.3166917419588308
0.20593887974913366
0.19158405897545028
-0.23588634812483367
-0.058322318500568154
-0.4811503726529365
-0.7215664724087665
-0.5734340122368313
-0.0011681429379476471
-0.07296202714664762
-0.019970645102070805
-0.17794670874400415
-0.8497443674644884
0.10236533208632431
0.3388684452362151
0.6385302719203285
0.7840071723373552
0.8119635731281012
0.6548524955517483
0.7638840513124052
0.7027380654177118
0.9843001608858923
0.9804961505839205
1.0450792698670273
0.8587188619984252
1.086341799795175
1.0248164974792513
1.061453151466714
1.0750592118869455
1.4120609471034096
1.5647557867015505
1.3426890329016268
1.5545280448121117
1.5879950757120218
1.1943028148099717
1.6587657647059322
1.3959871545793503
1.1368921251671282
1.132172025601372
1.0729050783856071
1.1181077827844348
1.030139103377825
1.3869970150421076
1.352985583097852
1.5937317027168876
1.5298064859631682
1.055602507011654
0.16692617381333502
-1.5863513436395031
-4.27822811194185
-2.9143582862048216
-3.406486881336499
-1.4747527254473176
-0.1725041664003425
0.09554105508874261
-0.12879808447163588
0.36210598411599676
0.37632338644053204
0.4758734517598551
0.44533912453105157
0.2668331572286527
-0.032935928921855095
0.05296992782701998
-0.03543472290341804
0.3312637858020971
-0.11292048737676691
-0.459598421552464
0.08291999739656902
0.1282311400489271
0.47464349786878285
0.3855251152159695
0.3860510761495795
0.37511877453720327
0.681455846327877
0.791670334701394
1.0059304259505342
0.9852402179416808
0.5105414143299176
0.7378264221432069
1.202305539116093
1.1186522878003091
0.8095016764649203
0.673818881899066
0.6818685276500172
0.9437742068985855
0.7808117891918875
0.9974037848926878
1.0805325222983173
1.0382264987493315
1.0828849054186747
1.1095899508619687
1.2252181221516867
0.9708311199144457
0.5682972039316894
1.069613453872423
-0.8019255517416868
-1.2525753032989873
-0.8104154366702416
-0.4837680811462868
-0.4209985467520977
-0.0891785143863589
0.4506003196100135
-0.04041859023263017
0.8457916645980965
0.8218408768273859
1.1033540156104977
1.2544864013164894
1.3251246062634614
1.1987975845918712
0.4641647926684324
0.537012885113028
-0.29133492602595223
-1.1392907269162535
-3.009008214134329
-2.4873275328826323
-1.025281824504641
-1.9231139868924414
-3.3572734819683783
-1.7799370463700008
-1.211602981984637
-1.7341536983149477
-3.1887485811626277
-2.544668126533524
-1.6889038818737954
-0.8006588892159867
-0.25020084359116795
-0.17255620518399223
-0.11950807404068933
-0.4273914993391287
-0.7212747351235662
-0.2187337810310496
0.2900299810329227
0.5405818755481109
0.783993722109324
0.7346016594814768
0.9053086510932298
0.7995412092533167
0.8179650689786919
0.36117067293470567
0.5511286731840741
-0.21005868459930138
0.20573739838573718
0.43739697963854945
0.16644049411237433
0.4763881338689295
0.6381533557754211
0.7638486998887639
0.39435856300537525
1.180674952872991
0.77753805390876
0.8384541697915835
0.20710363055422804
0.4753430931282669
0.2372706279750923
0.1350607715697572
0.07029024337257017
-1.599013037480143
-1.0488165510602925
-1.2472272329055225
-2.380580044953315
-1.2307320953679166
-0.7264456911805559
-0.4906512312928242
-2.4547168955718526
-1.0532110487856108
-0.9328975608795151
-2.4784831705019412
-0.7511507851406162
-0.2924749066715885
-0.5144283307551025
-0.3991363117713547
-1.0968850859322328
-1.0032958475278706
0.01894851450236562
-0.5912858434142425
-1.075898203683921
-1.8810448099561932
-1.4525713162900935
-1.6069546265962482
-0.6091744868997631
-2.595237401604791
-1.2793228886661228
-1.4672535667191597
-1.7116887384525865
-0.13022345380151065
0.8454797371190934
0.9035128429229682
1.0699498424907912
0.853130456871902
0.6430153057862806
-0.1735218929609429
-0.8471662349696507
-0.6652168137689473
0.21944572591380201
0.900149569290231
0.7500674505794056
-0.6535130783571746
-0.5907229245095539
0.2985818055452378
0.6535879915438594
0.8863654588457812
0.8460873360778032
0.9259615953425049
1.119713274125756
0.7284563762235732
1.2081865893349542
0.8329220782270939
0.8573069116311003
0.7721286976217849
0.8861804955897321
-0.7517453571800933
-0.013389041086200593
0.6200751487876117
0.8937166186256276
0.4843527046138834
-0.5474132241440764
-2.9543151354933896
-2.9724002287448603
-1.2652194699315522
-0.5207440459274939
-0.10536383360284901
0.16198045333402755
-0.2133020465670241
-0.11464921059125985
-0.4069777848227086
-0.28812414591779156
-0.42378894105192866
0.016351741562009747
0.5267203062665928
0.3569941444634161
-0.0746192570730958
0.39311258157618384
0.7775340556125214
0.3414643026340372
0.467630456137524
-0.6434545066719315
-0.6962213817437604
-1.4312550916082185
-1.9953357145037247
-2.6328887482446754
-1.0745805436567835
-1.7047002304229468
-0.7202753882429846
0.20359637545070242
0.5319460170812296
0.5799546752055889
0.35440285903178875
0.3660391348041751
0.029069303500906085
0.41218498822591826
0.7407293438131364
0.3663332611516836
-0.8713819841982238
-0.674125201537227
-0.09011227456248089
-0.30915136970420937
-1.8158518577104086
-0.8866259971073707
-0.904152228743349
-0.5265397903040985
0.3219323482476501
0.9310962127160647
0.7411408142013385
0.4233260754986718
-0.2909380035787678
-0.6189086116401699
0.213099806061483
0.30049143567043407
-2.188612398090312
-0.5783338721827043
-0.16822522310783092
-0.7142874296316505
0.1683338546204578
0.24052790494277038
-1.3664680657549324
-2.1026978969685284
-3.3400996732828565
-2.5784431573685125
-1.0715490856421859
-1.0213524336602438
-1.3952566924079537
-0.9285499326163043
-0.5057639012347003
-0.34049252651630824
-0.573900022022998
-0.21444172296635564
-0.8417534783804386
-0.05700777678743754
0.037699713069697716
0.25761606601646275
0.1540389328879107
0.1048518126797448
-0.3677790375408173
-0.3326812804900807
-0.33206182662267975
-1.4120127592007465
-0.6405262755497724
-0.5687946653638021
-0.9105807252521598
-0.23897624742735973
-0.8576531156127303
-0.8980158308395463
-0.389575044444957
0.38098380609628474
0.615638280792314
0.5828925403368856
0.4312304021546081
0.7012832823847308
0.1719453905935311
-0.3635815963829348
-0.43135725685301973
-0.4431990766566728
-0.8769278539561951
-0.17579852788340947
0.0838612145115693
0.08712187453341358
-0.6308693238171477
-0.7030203049380441
-2.7800338252086836
-4.094155025635425
-3.5317170664670714
-3.483787532634606
-2.742902375366934
